// Data on points
256
(

(-5.010788 -3.723351 -0.002435)
(-6.366951 -4.302728 -0.002899)
(-9.129461 -4.815493 -0.000891)
(-7.951106 -4.347094 0.001162)
(-4.988152 -3.794109 -0.001382)
(-6.334320 -4.300344 -0.002071)
(-9.170870 -4.841493 -0.001638)
(-7.921027 -4.354382 -0.002098)
(-4.945393 -3.738798 -0.005360)
(-6.299411 -4.282165 -0.009137)
(-9.222851 -4.881632 -0.011742)
(-7.900356 -4.358299 -0.011323)
(-4.915451 -3.714526 -0.004518)
(-6.350642 -4.351504 -0.007422)
(-9.296434 -4.939407 -0.009788)
(-7.891472 -4.368310 -0.009713)
(-4.942621 -3.703171 -0.000063)
(-6.529353 -4.499052 -0.000006)
(-9.383867 -5.002550 -0.001516)
(-7.885224 -4.387302 -0.003192)
(-5.051814 -3.795291 0.000007)
(-6.751159 -4.679008 -0.003214)
(-9.460651 -5.052952 -0.007208)
(-7.871243 -4.409282 -0.010976)
(-5.145452 -3.935963 -0.004647)
(-6.927686 -4.815274 -0.014683)
(-9.501453 -5.075336 -0.021680)
(-7.851814 -4.422049 -0.026022)
(-5.090894 -4.004179 -0.009265)
(-7.041728 -4.955951 -0.024482)
(-9.495321 -5.075360 -0.032503)
(-7.842132 -4.424866 -0.035376)
(-4.978351 -3.694331 0.001551)
(-6.481414 -4.343751 0.004049)
(-9.162692 -4.807447 0.004707)
(-7.966090 -4.393771 0.003280)
(-5.020713 -3.768349 -0.003418)
(-6.458301 -4.349786 -0.005103)
(-9.165592 -4.808782 -0.004978)
(-7.932013 -4.405023 -0.006122)
(-5.009892 -3.751684 -0.003485)
(-6.413039 -4.297837 -0.006526)
(-9.172058 -4.810395 -0.009905)
(-7.911649 -4.407359 -0.010902)
(-4.975354 -3.726399 -0.002901)
(-6.399624 -4.277229 -0.003887)
(-9.200525 -4.832752 -0.005374)
(-7.903462 -4.406691 -0.004781)
(-4.937126 -3.673161 -0.001530)
(-6.465662 -4.322893 -0.003306)
(-9.258278 -4.882568 -0.005391)
(-7.901814 -4.410725 -0.006105)
(-4.923689 -3.637846 -0.001283)
(-6.589384 -4.440447 -0.006781)
(-9.327217 -4.945202 -0.011440)
(-7.896797 -4.419226 -0.013648)
(-4.930273 -3.705846 -0.005103)
(-6.730537 -4.593235 -0.014874)
(-9.400513 -4.999444 -0.020301)
(-7.880385 -4.429711 -0.022341)
(-4.932888 -3.781297 -0.006945)
(-6.846275 -4.776707 -0.018876)
(-9.460753 -5.040386 -0.024563)
(-7.861284 -4.443812 -0.024344)
(-5.023064 -3.652175 -0.000219)
(-6.530618 -4.364286 -0.000492)
(-9.252560 -4.799346 -0.001813)
(-7.985444 -4.409642 -0.004165)
(-5.057740 -3.696549 -0.003615)
(-6.524216 -4.363521 -0.008183)
(-9.214805 -4.794909 -0.012326)
(-7.966262 -4.433563 -0.015576)
(-5.061749 -3.719928 -0.001690)
(-6.511599 -4.341574 -0.002839)
(-9.183721 -4.775958 -0.004730)
(-7.944273 -4.446634 -0.007254)
(-5.086159 -3.711145 -0.002207)
(-6.507473 -4.294026 -0.001669)
(-9.179281 -4.767527 -0.000994)
(-7.924289 -4.454595 -0.000535)
(-5.038505 -3.715320 -0.001800)
(-6.522952 -4.272549 -0.004184)
(-9.191586 -4.786888 -0.006034)
(-7.914034 -4.460369 -0.006330)
(-4.910083 -3.599428 -0.001366)
(-6.544137 -4.292657 -0.006961)
(-9.209599 -4.830803 -0.011941)
(-7.910496 -4.462897 -0.014130)
(-4.775684 -3.561004 -0.004471)
(-6.605335 -4.397668 -0.013941)
(-9.257873 -4.896599 -0.019334)
(-7.903124 -4.470524 -0.020552)
(-4.677924 -3.565336 -0.007131)
(-6.709827 -4.563914 -0.019642)
(-9.346035 -4.965582 -0.024862)
(-7.890300 -4.485675 -0.023620)
(-4.705783 -3.491710 -0.002294)
(-6.528788 -4.334505 -0.008992)
(-9.251656 -4.750058 -0.018239)
(-8.005539 -4.390530 -0.024642)
(-4.898977 -3.541496 -0.002786)
(-6.506655 -4.318849 -0.007544)
(-9.242354 -4.754814 -0.014475)
(-8.007393 -4.420750 -0.021737)
(-5.024400 -3.661016 0.000305)
(-6.566725 -4.363158 0.002231)
(-9.234375 -4.746825 0.002345)
(-7.986711 -4.446395 -0.001127)
(-5.128616 -3.642687 -0.000253)
(-6.637688 -4.352935 0.003864)
(-9.240850 -4.737329 0.007307)
(-7.958279 -4.471857 0.005918)
(-5.177188 -3.740400 -0.000411)
(-6.651961 -4.313129 -0.000500)
(-9.241371 -4.739284 -0.000654)
(-7.936475 -4.496078 -0.003206)
(-5.060893 -3.660207 -0.000922)
(-6.605052 -4.273104 -0.006928)
(-9.216302 -4.751744 -0.011901)
(-7.926495 -4.508353 -0.015560)
(-4.852970 -3.578588 -0.002349)
(-6.527080 -4.276966 -0.010881)
(-9.191996 -4.791574 -0.019554)
(-7.925856 -4.515737 -0.024758)
(-4.642686 -3.485889 -0.005413)
(-6.487732 -4.358562 -0.017709)
(-9.209806 -4.849156 -0.028997)
(-7.929810 -4.522791 -0.034523)
(-4.446315 -3.347901 -0.001556)
(-6.434029 -4.234521 -0.009849)
(-9.187382 -4.634361 -0.021919)
(-8.006302 -4.337059 -0.031965)
(-4.584952 -3.343787 0.002129)
(-6.440333 -4.225195 0.003658)
(-9.214277 -4.660351 -0.000606)
(-8.014886 -4.367340 -0.009199)
(-4.855847 -3.577135 0.003599)
(-6.569884 -4.331235 0.013165)
(-9.276138 -4.690631 0.018614)
(-7.992227 -4.404695 0.015182)
(-5.062406 -3.559028 0.002021)
(-6.716379 -4.378563 0.005809)
(-9.326897 -4.709232 0.007323)
(-7.971158 -4.447959 0.005577)
(-5.179300 -3.653336 0.000177)
(-6.774375 -4.374989 -0.000196)
(-9.338591 -4.714762 -0.001438)
(-7.959949 -4.483477 -0.006177)
(-5.197698 -3.647509 -0.000688)
(-6.762357 -4.339938 -0.004844)
(-9.321744 -4.710625 -0.008423)
(-7.951019 -4.507017 -0.014503)
(-5.082866 -3.622384 -0.002419)
(-6.683488 -4.288868 -0.010123)
(-9.286213 -4.715021 -0.017472)
(-7.950270 -4.518122 -0.024876)
(-4.870584 -3.546444 -0.004771)
(-6.573181 -4.271387 -0.014712)
(-9.252358 -4.735107 -0.024231)
(-7.957150 -4.521080 -0.032186)
(-4.402301 -3.342656 0.002252)
(-6.359040 -4.146791 0.001780)
(-9.116184 -4.495014 -0.003396)
(-7.966312 -4.271110 -0.012938)
(-4.471169 -3.342502 0.007975)
(-6.413019 -4.156039 0.020338)
(-9.190756 -4.542191 0.023962)
(-7.950184 -4.304512 0.017567)
(-4.653091 -3.497411 0.004526)
(-6.533524 -4.255951 0.011861)
(-9.284779 -4.609058 0.013657)
(-7.932489 -4.353569 0.011751)
(-4.834175 -3.493708 0.000424)
(-6.648879 -4.319893 0.000828)
(-9.345303 -4.652008 -0.001011)
(-7.936064 -4.401903 -0.004347)
(-4.941884 -3.518799 0.000301)
(-6.748786 -4.368734 0.000603)
(-9.366826 -4.670527 -0.000307)
(-7.943349 -4.434255 -0.005269)
(-5.008470 -3.531096 0.000635)
(-6.809751 -4.387746 -0.000510)
(-9.369350 -4.671270 -0.002568)
(-7.947055 -4.459752 -0.008883)
(-5.046373 -3.555874 -0.000275)
(-6.788630 -4.362106 -0.003152)
(-9.357061 -4.662836 -0.006993)
(-7.950645 -4.474834 -0.013112)
(-5.042944 -3.571964 -0.002280)
(-6.711112 -4.316968 -0.005714)
(-9.341871 -4.658934 -0.010541)
(-7.954702 -4.481118 -0.017004)
(-4.335262 -3.430934 0.007114)
(-6.316404 -4.157340 0.019484)
(-8.999825 -4.382931 0.025691)
(-7.899607 -4.217689 0.020878)
(-4.455077 -3.478015 0.004782)
(-6.388762 -4.150157 0.016184)
(-9.121113 -4.441418 0.022345)
(-7.859085 -4.258479 0.019791)
(-4.551129 -3.483242 0.000923)
(-6.461247 -4.184011 0.003677)
(-9.233391 -4.506721 0.001996)
(-7.844552 -4.306132 -0.002947)
(-4.634119 -3.461850 0.002580)
(-6.528582 -4.209290 0.004063)
(-9.311978 -4.555115 0.000396)
(-7.856229 -4.342049 -0.004594)
(-4.749226 -3.454761 0.003655)
(-6.629806 -4.257809 0.005608)
(-9.360357 -4.591511 0.001323)
(-7.872521 -4.372160 -0.004607)
(-4.841668 -3.456555 0.003325)
(-6.761388 -4.319471 0.004617)
(-9.381054 -4.611280 0.001383)
(-7.885094 -4.397394 -0.004678)
(-4.896293 -3.474579 0.000434)
(-6.867377 -4.363849 0.000454)
(-9.386023 -4.613896 -0.002001)
(-7.894712 -4.417381 -0.007171)
(-4.936840 -3.521330 -0.000513)
(-6.887547 -4.371620 -0.001892)
(-9.380474 -4.607758 -0.005653)
(-7.906359 -4.432371 -0.009939)
(-4.412258 -3.547932 0.001803)
(-6.434763 -4.258325 0.011486)
(-8.958681 -4.329045 0.020472)
(-7.814441 -4.198817 0.021478)
(-4.448975 -3.571212 0.000232)
(-6.439849 -4.195644 0.003053)
(-9.039593 -4.357795 0.002531)
(-7.783406 -4.230082 -0.001551)
(-4.518705 -3.502233 0.002269)
(-6.409091 -4.160357 0.005671)
(-9.111439 -4.385396 0.003848)
(-7.766143 -4.254509 -0.003911)
(-4.648622 -3.495737 0.005542)
(-6.382216 -4.118787 0.009615)
(-9.182047 -4.423268 0.005071)
(-7.767379 -4.279019 -0.002540)
(-4.770329 -3.477588 0.003751)
(-6.388046 -4.109633 0.005226)
(-9.250959 -4.468768 -0.000739)
(-7.781966 -4.304417 -0.007781)
(-4.859446 -3.461678 0.003702)
(-6.461614 -4.133518 0.003105)
(-9.316808 -4.507293 -0.004244)
(-7.803201 -4.325712 -0.012421)
(-4.934688 -3.440778 0.001478)
(-6.602038 -4.211587 0.000194)
(-9.366432 -4.532976 -0.004445)
(-7.827926 -4.346759 -0.010850)
(-4.994495 -3.459053 -0.000245)
(-6.776012 -4.291152 -0.001793)
(-9.396476 -4.545972 -0.005243)
(-7.854714 -4.373770 -0.009696)

)

// ************************************************************************* //
