// Data on points
256
(

(-5.091672 -3.866184 -0.004844)
(-6.752277 -4.659381 -0.011443)
(-9.207895 -5.004539 -0.015282)
(-8.178709 -4.214683 -0.015849)
(-5.013997 -3.964150 -0.004015)
(-6.670651 -4.660329 -0.009966)
(-9.197365 -5.018650 -0.014535)
(-8.173296 -4.219441 -0.017498)
(-4.914276 -3.928067 -0.007698)
(-6.615385 -4.644353 -0.014638)
(-9.216278 -5.050977 -0.019470)
(-8.167849 -4.224543 -0.022267)
(-4.820769 -3.907261 -0.006248)
(-6.650943 -4.703085 -0.010882)
(-9.277693 -5.099602 -0.013098)
(-8.165567 -4.239266 -0.013868)
(-4.780552 -3.881932 -0.001905)
(-6.786382 -4.843341 -0.005277)
(-9.378786 -5.166533 -0.006738)
(-8.163459 -4.267481 -0.006445)
(-4.827938 -3.939227 -0.002579)
(-6.934239 -5.022842 -0.009189)
(-9.482788 -5.232152 -0.013481)
(-8.162800 -4.299225 -0.016558)
(-4.907845 -4.064269 -0.006032)
(-7.022716 -5.159224 -0.019046)
(-9.546993 -5.278550 -0.029488)
(-8.168318 -4.317517 -0.034948)
(-4.923183 -4.170966 -0.008125)
(-7.048928 -5.290191 -0.024523)
(-9.568665 -5.300310 -0.035706)
(-8.181957 -4.320850 -0.039319)
(-5.064934 -3.839434 -0.001431)
(-6.894920 -4.685558 -0.004752)
(-9.285580 -4.987742 -0.009343)
(-8.154594 -4.241582 -0.013227)
(-5.019098 -3.913461 -0.005833)
(-6.821691 -4.691263 -0.013761)
(-9.231623 -4.979166 -0.020481)
(-8.138201 -4.247600 -0.023974)
(-4.948707 -3.902007 -0.006651)
(-6.743404 -4.653697 -0.014262)
(-9.197855 -4.987064 -0.019893)
(-8.132959 -4.247754 -0.022066)
(-4.877402 -3.892781 -0.004649)
(-6.723890 -4.654171 -0.008592)
(-9.212878 -5.010822 -0.009735)
(-8.132851 -4.251150 -0.009330)
(-4.801856 -3.846242 -0.002970)
(-6.769621 -4.708760 -0.007046)
(-9.272214 -5.061474 -0.009694)
(-8.134960 -4.266438 -0.010569)
(-4.726845 -3.793336 -0.004688)
(-6.827148 -4.806540 -0.013604)
(-9.346605 -5.125716 -0.019780)
(-8.136381 -4.283804 -0.023532)
(-4.684989 -3.810429 -0.007097)
(-6.867894 -4.933576 -0.021808)
(-9.415017 -5.187553 -0.032050)
(-8.139308 -4.297800 -0.035652)
(-4.707280 -3.900397 -0.007284)
(-6.890773 -5.084128 -0.021872)
(-9.470300 -5.240368 -0.032655)
(-8.147509 -4.310223 -0.034963)
(-5.041302 -3.783334 -0.002887)
(-7.019820 -4.700119 -0.008148)
(-9.374565 -4.973933 -0.013867)
(-8.150951 -4.254941 -0.018178)
(-4.997107 -3.831219 -0.007054)
(-6.946336 -4.692038 -0.018795)
(-9.318687 -4.963869 -0.027891)
(-8.131268 -4.275177 -0.032332)
(-4.921339 -3.844054 -0.004892)
(-6.871863 -4.673590 -0.011628)
(-9.263363 -4.949257 -0.017424)
(-8.120535 -4.278816 -0.020696)
(-4.909246 -3.835342 -0.002889)
(-6.850543 -4.654022 -0.006547)
(-9.243061 -4.948993 -0.009047)
(-8.117266 -4.282582 -0.008680)
(-4.872160 -3.851596 -0.002930)
(-6.842507 -4.667722 -0.007348)
(-9.247938 -4.972988 -0.011408)
(-8.118576 -4.290533 -0.013517)
(-4.737216 -3.753494 -0.003614)
(-6.799291 -4.673913 -0.013220)
(-9.257538 -5.015234 -0.021582)
(-8.121349 -4.292402 -0.025826)
(-4.577395 -3.673258 -0.004426)
(-6.758193 -4.735332 -0.017878)
(-9.286869 -5.075419 -0.029999)
(-8.126924 -4.298451 -0.034586)
(-4.495114 -3.651651 -0.006802)
(-6.766636 -4.856291 -0.020575)
(-9.346209 -5.142679 -0.030991)
(-8.133373 -4.310179 -0.033938)
(-4.732836 -3.596045 -0.005236)
(-6.930110 -4.632337 -0.015799)
(-9.397152 -4.921158 -0.027798)
(-8.177392 -4.242849 -0.035594)
(-4.848044 -3.663238 -0.005623)
(-6.919208 -4.628054 -0.015764)
(-9.362987 -4.930343 -0.026878)
(-8.160421 -4.271442 -0.035947)
(-4.890940 -3.789228 -0.002425)
(-6.943597 -4.659119 -0.004894)
(-9.338026 -4.912386 -0.008483)
(-8.134935 -4.287085 -0.013560)
(-4.921341 -3.732317 -0.001379)
(-6.997953 -4.659403 -0.003490)
(-9.330836 -4.900714 -0.004851)
(-8.122210 -4.301144 -0.005790)
(-4.954051 -3.825919 -0.002320)
(-7.003651 -4.662926 -0.007353)
(-9.313065 -4.907267 -0.012199)
(-8.121416 -4.313871 -0.015979)
(-4.868465 -3.767191 -0.003715)
(-6.911789 -4.646176 -0.014184)
(-9.273745 -4.922944 -0.023940)
(-8.127525 -4.313720 -0.029054)
(-4.670589 -3.684325 -0.004197)
(-6.768912 -4.621068 -0.016781)
(-9.233892 -4.956254 -0.029978)
(-8.140337 -4.310431 -0.037080)
(-4.457926 -3.558506 -0.005857)
(-6.663722 -4.663358 -0.020071)
(-9.227688 -5.010114 -0.034255)
(-8.156019 -4.311650 -0.041561)
(-4.533673 -3.423272 -0.003847)
(-6.752018 -4.473810 -0.016063)
(-9.310361 -4.793536 -0.031974)
(-8.215208 -4.199546 -0.043083)
(-4.647085 -3.454695 0.000916)
(-6.762713 -4.494511 -0.000431)
(-9.326471 -4.827607 -0.008713)
(-8.201684 -4.224773 -0.020667)
(-4.874130 -3.719637 0.003003)
(-6.908651 -4.589207 0.009929)
(-9.364092 -4.838718 0.010692)
(-8.160734 -4.256954 0.004558)
(-5.004433 -3.642418 -0.001491)
(-7.065514 -4.621797 -0.002499)
(-9.404386 -4.842047 -0.004749)
(-8.140469 -4.289158 -0.007906)
(-5.044247 -3.727407 -0.003514)
(-7.121905 -4.622893 -0.009733)
(-9.403007 -4.843567 -0.016437)
(-8.144350 -4.309481 -0.022507)
(-5.025862 -3.723069 -0.003304)
(-7.092517 -4.639838 -0.012950)
(-9.364501 -4.846228 -0.023109)
(-8.153719 -4.314909 -0.030547)
(-4.902497 -3.699716 -0.004474)
(-6.983934 -4.607796 -0.016979)
(-9.308426 -4.854030 -0.028870)
(-8.168648 -4.310143 -0.036642)
(-4.706958 -3.605093 -0.004711)
(-6.826384 -4.580745 -0.016578)
(-9.253752 -4.881829 -0.030510)
(-8.189428 -4.308333 -0.039505)
(-4.572361 -3.389133 0.001508)
(-6.680110 -4.317069 -0.002482)
(-9.168828 -4.616063 -0.013036)
(-8.218044 -4.144418 -0.024041)
(-4.684874 -3.439956 0.008011)
(-6.723076 -4.365205 0.018123)
(-9.244060 -4.666982 0.016291)
(-8.197466 -4.163492 0.007215)
(-4.881619 -3.633313 0.002264)
(-6.860805 -4.478628 0.007127)
(-9.345045 -4.722248 0.007787)
(-8.163490 -4.206784 0.003863)
(-5.017889 -3.593720 -0.000849)
(-6.994055 -4.516199 -0.002426)
(-9.417198 -4.751984 -0.007965)
(-8.155813 -4.248912 -0.014574)
(-5.075166 -3.599011 -0.001380)
(-7.068250 -4.536498 -0.006622)
(-9.432915 -4.764818 -0.013673)
(-8.164475 -4.274679 -0.020282)
(-5.082674 -3.621271 -0.001153)
(-7.088022 -4.580653 -0.008304)
(-9.413272 -4.776190 -0.016680)
(-8.174299 -4.292764 -0.023870)
(-5.007551 -3.640890 -0.003888)
(-7.059153 -4.604686 -0.013234)
(-9.378052 -4.782999 -0.021112)
(-8.187615 -4.304034 -0.025806)
(-4.902850 -3.616027 -0.004358)
(-6.979565 -4.597364 -0.012979)
(-9.335635 -4.797869 -0.020530)
(-8.203535 -4.312928 -0.024222)
(-4.542527 -3.430782 0.007086)
(-6.658014 -4.247979 0.017363)
(-9.068546 -4.456966 0.018791)
(-8.157602 -4.112741 0.012758)
(-4.729290 -3.528054 0.003454)
(-6.741284 -4.285585 0.011399)
(-9.164045 -4.508420 0.013792)
(-8.134224 -4.126391 0.011254)
(-4.849515 -3.587503 -0.000995)
(-6.842024 -4.359395 -0.000551)
(-9.280789 -4.577290 -0.003163)
(-8.123187 -4.158778 -0.008073)
(-4.907836 -3.559408 0.000263)
(-6.935574 -4.390570 0.000263)
(-9.377985 -4.630621 -0.003050)
(-8.131147 -4.191216 -0.008861)
(-4.961938 -3.511275 0.000581)
(-7.011535 -4.427975 -0.001924)
(-9.428664 -4.675494 -0.007540)
(-8.145517 -4.228962 -0.013628)
(-5.021648 -3.533270 0.000633)
(-7.043569 -4.482251 -0.002887)
(-9.428225 -4.711403 -0.009655)
(-8.156857 -4.268986 -0.015586)
(-5.016555 -3.570060 -0.004023)
(-7.058190 -4.551601 -0.010988)
(-9.418364 -4.736788 -0.015360)
(-8.165808 -4.304869 -0.017134)
(-4.929089 -3.564752 -0.003983)
(-7.048112 -4.608257 -0.011426)
(-9.406452 -4.756624 -0.016545)
(-8.178087 -4.331082 -0.016681)
(-4.624702 -3.506788 0.002528)
(-6.760171 -4.299188 0.012300)
(-9.088342 -4.383846 0.019419)
(-8.049178 -4.115255 0.019939)
(-4.689095 -3.547760 -0.002635)
(-6.778005 -4.268395 -0.003535)
(-9.126396 -4.403139 -0.004856)
(-8.032070 -4.119908 -0.006688)
(-4.723660 -3.546151 -0.000786)
(-6.793560 -4.281055 -0.002505)
(-9.174908 -4.441241 -0.005486)
(-8.033579 -4.122581 -0.008671)
(-4.744330 -3.532430 -0.000118)
(-6.826252 -4.296777 -0.002729)
(-9.248199 -4.502871 -0.005581)
(-8.056263 -4.144833 -0.007990)
(-4.740193 -3.487902 -0.000472)
(-6.845328 -4.311966 -0.004193)
(-9.324175 -4.568250 -0.009811)
(-8.087952 -4.186474 -0.014532)
(-4.750685 -3.487574 -0.000264)
(-6.864301 -4.346337 -0.004971)
(-9.381337 -4.624301 -0.012223)
(-8.109842 -4.235480 -0.018424)
(-4.807957 -3.499565 -0.000140)
(-6.908760 -4.421836 -0.004261)
(-9.419527 -4.667518 -0.010992)
(-8.123226 -4.280639 -0.017131)
(-4.891777 -3.497537 -0.000672)
(-6.978207 -4.509866 -0.004834)
(-9.441648 -4.702946 -0.011349)
(-8.137986 -4.320901 -0.015838)

)

// ************************************************************************* //
