// Data on points
256
(

(-4.757747 -3.570781 -0.000858)
(-5.139707 -3.667575 0.000678)
(-7.986877 -4.218563 0.003193)
(-7.672790 -4.460359 0.006309)
(-4.684100 -3.583654 0.000774)
(-5.054155 -3.620007 0.003814)
(-7.964476 -4.230383 0.006064)
(-7.691120 -4.442509 0.008396)
(-4.622000 -3.485749 -0.003396)
(-4.993668 -3.565782 -0.003265)
(-8.001104 -4.255556 -0.003514)
(-7.714765 -4.431436 -0.001026)
(-4.622727 -3.484355 -0.004055)
(-5.012358 -3.597935 -0.005378)
(-8.105618 -4.331745 -0.005869)
(-7.745853 -4.442818 -0.003047)
(-4.710254 -3.549159 -0.000320)
(-5.116072 -3.712751 -0.000296)
(-8.246092 -4.403988 0.001484)
(-7.783427 -4.475877 0.004366)
(-4.846137 -3.666718 0.000539)
(-5.255018 -3.843460 -0.000461)
(-8.362076 -4.434253 0.000980)
(-7.822122 -4.508734 0.002259)
(-4.941907 -3.745611 -0.000770)
(-5.341806 -3.891815 -0.003459)
(-8.426519 -4.394241 -0.003163)
(-7.859838 -4.524959 -0.002688)
(-4.933144 -3.761296 -0.002419)
(-5.364081 -3.888132 -0.004893)
(-8.457843 -4.319859 -0.001970)
(-7.899997 -4.522645 0.001814)
(-4.853488 -3.661281 0.002242)
(-5.284190 -3.762528 0.005003)
(-8.130550 -4.289911 0.004194)
(-7.717195 -4.471641 0.003198)
(-4.816297 -3.687373 -0.001243)
(-5.186803 -3.730840 -0.000661)
(-8.034595 -4.263714 0.000220)
(-7.732497 -4.467820 0.003095)
(-4.739940 -3.577928 -0.002466)
(-5.090948 -3.627822 -0.001924)
(-7.993557 -4.224273 -0.001055)
(-7.758074 -4.453369 0.002977)
(-4.687790 -3.488891 -0.001491)
(-5.062161 -3.557104 0.000335)
(-8.028439 -4.244914 0.003215)
(-7.792549 -4.448266 0.008600)
(-4.692514 -3.466935 -0.000393)
(-5.132803 -3.588723 0.000824)
(-8.140481 -4.310510 0.003682)
(-7.829345 -4.459530 0.007735)
(-4.746837 -3.498905 -0.000351)
(-5.263882 -3.692334 -0.002061)
(-8.273901 -4.374965 -0.000558)
(-7.861052 -4.475739 0.001551)
(-4.835736 -3.587365 -0.001561)
(-5.375167 -3.802901 -0.004940)
(-8.393228 -4.388623 -0.003281)
(-7.888136 -4.488309 -0.000734)
(-4.939566 -3.673932 -0.000237)
(-5.427658 -3.880226 0.000140)
(-8.474595 -4.357148 0.003253)
(-7.914373 -4.498260 0.006872)
(-4.952912 -3.682031 -0.001330)
(-5.392806 -3.818029 -0.004449)
(-8.426064 -4.367782 -0.008609)
(-7.765947 -4.470672 -0.010377)
(-4.936547 -3.727959 -0.002825)
(-5.321174 -3.820640 -0.005715)
(-8.289977 -4.329559 -0.008144)
(-7.791070 -4.485731 -0.008433)
(-4.874214 -3.688685 -0.000725)
(-5.244255 -3.737999 0.003116)
(-8.192678 -4.263624 0.005607)
(-7.808679 -4.479993 0.007206)
(-4.858438 -3.570398 0.002355)
(-5.197722 -3.615387 0.009877)
(-8.151901 -4.218411 0.014549)
(-7.831653 -4.469011 0.018631)
(-4.841724 -3.518054 0.001801)
(-5.219428 -3.561626 0.006999)
(-8.164128 -4.232475 0.010877)
(-7.862636 -4.461858 0.013197)
(-4.781552 -3.435762 0.001386)
(-5.309609 -3.577659 0.001717)
(-8.216198 -4.278336 0.002540)
(-7.894482 -4.455113 0.003462)
(-4.744569 -3.436109 -0.000133)
(-5.449381 -3.680743 -0.003328)
(-8.315458 -4.333449 -0.003445)
(-7.922750 -4.457674 -0.000680)
(-4.788856 -3.493218 -0.003008)
(-5.573692 -3.808254 -0.006664)
(-8.449147 -4.357063 -0.004044)
(-7.948058 -4.468961 0.000780)
(-4.715033 -3.497850 -0.006314)
(-5.501702 -3.765655 -0.019607)
(-8.506037 -4.369192 -0.030496)
(-7.806482 -4.449771 -0.033336)
(-4.862205 -3.604958 -0.005087)
(-5.418933 -3.820441 -0.014057)
(-8.519659 -4.363871 -0.019376)
(-7.852564 -4.470630 -0.019807)
(-4.944821 -3.743387 -0.001038)
(-5.387757 -3.818850 0.002202)
(-8.526537 -4.333052 0.006572)
(-7.866450 -4.477962 0.008726)
(-5.003034 -3.658860 0.004708)
(-5.394997 -3.735379 0.013559)
(-8.506289 -4.262356 0.019341)
(-7.876251 -4.471607 0.023191)
(-5.051267 -3.640266 0.004267)
(-5.374902 -3.633640 0.011147)
(-8.463242 -4.223277 0.014998)
(-7.896106 -4.459128 0.016041)
(-4.981720 -3.530949 0.003055)
(-5.378565 -3.561271 0.005335)
(-8.388308 -4.208624 0.004548)
(-7.928242 -4.438685 0.002524)
(-4.835083 -3.446555 0.001803)
(-5.459966 -3.569161 0.001520)
(-8.329115 -4.240371 -0.001552)
(-7.965892 -4.426689 -0.005027)
(-4.703457 -3.387446 -0.001878)
(-5.610765 -3.667205 -0.006134)
(-8.340495 -4.284733 -0.008979)
(-8.001349 -4.426177 -0.010822)
(-4.472642 -3.267918 -0.005451)
(-5.470412 -3.589623 -0.019877)
(-8.396528 -4.252397 -0.034906)
(-7.822346 -4.403954 -0.041651)
(-4.623491 -3.354086 -0.001723)
(-5.423671 -3.675673 -0.008257)
(-8.498772 -4.303423 -0.014708)
(-7.885877 -4.419376 -0.015877)
(-4.913540 -3.665961 0.001160)
(-5.421820 -3.769407 0.005462)
(-8.702389 -4.356739 0.010924)
(-7.903516 -4.439039 0.014648)
(-5.099269 -3.659775 0.000513)
(-5.527672 -3.791048 0.005648)
(-8.820930 -4.320074 0.011763)
(-7.915547 -4.446580 0.014800)
(-5.188165 -3.677870 0.000794)
(-5.573610 -3.726991 0.003870)
(-8.837198 -4.268577 0.007676)
(-7.938226 -4.432531 0.009356)
(-5.209041 -3.616625 0.001624)
(-5.540001 -3.634062 0.002218)
(-8.801903 -4.214627 0.003850)
(-7.969394 -4.406714 0.004246)
(-5.142304 -3.547212 0.002446)
(-5.524527 -3.559043 0.002803)
(-8.718563 -4.193277 0.000831)
(-8.007648 -4.380807 -0.002574)
(-5.020187 -3.464619 0.000629)
(-5.576995 -3.561485 0.000853)
(-8.623457 -4.204798 -0.002396)
(-8.045580 -4.368350 -0.007734)
(-4.526434 -3.202927 0.001061)
(-5.323563 -3.436176 -0.005015)
(-8.413046 -4.087395 -0.016616)
(-7.797682 -4.347721 -0.023258)
(-4.641748 -3.256089 0.004147)
(-5.261531 -3.480392 0.007083)
(-8.492523 -4.170652 0.003616)
(-7.854888 -4.354818 0.000935)
(-4.867328 -3.490560 -0.000651)
(-5.307285 -3.605048 0.000561)
(-8.676407 -4.283620 0.001093)
(-7.891104 -4.380878 0.001924)
(-5.052850 -3.551394 -0.002230)
(-5.464624 -3.690251 -0.002749)
(-8.832533 -4.315321 -0.000937)
(-7.926811 -4.399107 0.000367)
(-5.162083 -3.590580 -0.000046)
(-5.612815 -3.720951 0.000448)
(-8.923372 -4.299441 0.004362)
(-7.958873 -4.394103 0.007608)
(-5.221758 -3.593959 0.002894)
(-5.672695 -3.691435 0.004789)
(-8.973032 -4.259245 0.009146)
(-7.989905 -4.371364 0.012348)
(-5.245012 -3.574945 0.002671)
(-5.660997 -3.630340 0.005464)
(-8.982522 -4.216560 0.008754)
(-8.023956 -4.339511 0.010975)
(-5.280494 -3.541982 0.001633)
(-5.615104 -3.580057 0.005051)
(-8.968583 -4.193301 0.006219)
(-8.059246 -4.317071 0.006053)
(-4.620561 -3.315090 0.005807)
(-5.394675 -3.418802 0.012314)
(-8.445015 -3.965130 0.009765)
(-7.742670 -4.301556 0.007857)
(-4.749846 -3.321755 0.001223)
(-5.244349 -3.378905 0.003433)
(-8.516361 -4.038402 -0.000729)
(-7.787368 -4.302407 -0.002950)
(-4.837893 -3.361432 -0.002614)
(-5.231649 -3.440195 -0.006682)
(-8.607250 -4.135073 -0.012105)
(-7.843453 -4.319343 -0.015596)
(-4.932057 -3.398066 -0.000831)
(-5.320828 -3.503109 -0.002870)
(-8.741697 -4.224969 -0.004934)
(-7.901269 -4.337002 -0.006181)
(-5.068187 -3.439830 0.000748)
(-5.478265 -3.592271 0.000727)
(-8.875664 -4.274165 0.003391)
(-7.943997 -4.352414 0.005572)
(-5.177652 -3.490401 0.000309)
(-5.645220 -3.649695 0.000737)
(-8.971259 -4.290753 0.006278)
(-7.971872 -4.352449 0.012008)
(-5.218608 -3.519236 -0.000881)
(-5.764385 -3.667314 -0.000060)
(-9.034108 -4.269386 0.006785)
(-7.996090 -4.334978 0.014305)
(-5.232893 -3.520463 -0.000365)
(-5.811956 -3.644824 0.000794)
(-9.059397 -4.232573 0.005960)
(-8.028134 -4.311038 0.012581)
(-4.843588 -3.465217 0.000114)
(-5.522729 -3.515812 0.004069)
(-8.612434 -3.949370 0.006435)
(-7.675571 -4.281447 0.010917)
(-4.815529 -3.407426 -0.004166)
(-5.377099 -3.405951 -0.007886)
(-8.598305 -3.958713 -0.013591)
(-7.722526 -4.272124 -0.015866)
(-4.772348 -3.329804 -0.001394)
(-5.259796 -3.369399 -0.005193)
(-8.581455 -3.998359 -0.011075)
(-7.787062 -4.270711 -0.013873)
(-4.814511 -3.333736 0.002944)
(-5.212025 -3.367995 0.003350)
(-8.612466 -4.076254 -0.003175)
(-7.854132 -4.287911 -0.008569)
(-4.900727 -3.330775 0.001268)
(-5.252670 -3.421704 -0.000244)
(-8.684667 -4.161252 -0.004969)
(-7.914786 -4.310850 -0.008605)
(-5.010810 -3.363270 0.000470)
(-5.365093 -3.492063 -0.000681)
(-8.795740 -4.232562 -0.002797)
(-7.960080 -4.329034 -0.004168)
(-5.125255 -3.401404 0.000069)
(-5.528981 -3.565105 -0.000753)
(-8.920589 -4.271030 0.002101)
(-7.991455 -4.335037 0.006348)
(-5.226434 -3.423293 0.000294)
(-5.707369 -3.608029 0.002416)
(-9.041138 -4.267015 0.009670)
(-8.018021 -4.333566 0.017757)

)

// ************************************************************************* //
