// Points
256
(

(-3186.672139 -3595.154368 34.608356)
(-3186.672139 -3595.154368 112.629840)
(-3186.672139 -3595.154368 211.306400)
(-3186.672139 -3595.154368 338.423000)
(-2189.405793 -3596.266318 34.604626)
(-2189.405793 -3596.266318 112.619774)
(-2189.405793 -3596.266318 211.291380)
(-2189.405793 -3596.266318 338.400630)
(-1187.300027 -3596.711097 34.605390)
(-1187.300027 -3596.711097 112.621560)
(-1187.300027 -3596.711097 211.288880)
(-1187.300027 -3596.711097 338.384920)
(-187.959645 -3597.378267 34.601220)
(-187.959645 -3597.378267 112.610000)
(-187.959645 -3597.378267 211.271990)
(-187.959645 -3597.378267 338.357570)
(811.899247 -3598.490216 34.596280)
(811.899247 -3598.490216 112.596300)
(811.899247 -3598.490216 211.256180)
(811.899247 -3598.490216 338.341520)
(1811.239630 -3600.714115 34.589054)
(1811.239630 -3600.714115 112.577614)
(1811.239630 -3600.714115 211.234660)
(1811.239630 -3600.714115 338.320220)
(2810.752849 -3601.381284 34.583927)
(2810.752849 -3601.381284 112.562120)
(2810.752849 -3601.381284 211.210430)
(2810.752849 -3601.381284 338.284450)
(3810.611741 -3602.938013 34.571690)
(3810.611741 -3602.938013 112.531890)
(3810.611741 -3602.938013 211.164570)
(3810.611741 -3602.938013 338.215820)
(-3186.672139 -2593.955249 34.610584)
(-3186.672139 -2593.955249 112.633810)
(-3186.672139 -2593.955249 211.311220)
(-3186.672139 -2593.955249 338.431400)
(-2186.813247 -2596.067952 34.602250)
(-2186.813247 -2596.067952 112.612290)
(-2186.813247 -2596.067952 211.282710)
(-2186.813247 -2596.067952 338.397920)
(-1187.300027 -2596.957512 34.600180)
(-1187.300027 -2596.957512 112.604710)
(-1187.300027 -2596.957512 211.265640)
(-1187.300027 -2596.957512 338.366760)
(-187.959645 -2597.735876 34.598290)
(-187.959645 -2597.735876 112.599720)
(-187.959645 -2597.735876 211.257130)
(-187.959645 -2597.735876 338.352260)
(811.899247 -2598.625436 34.595596)
(811.899247 -2598.625436 112.593790)
(811.899247 -2598.625436 211.251360)
(811.899247 -2598.625436 338.345460)
(1811.239630 -2600.293360 34.592460)
(1811.239630 -2600.293360 112.585830)
(1811.239630 -2600.293360 211.240800)
(1811.239630 -2600.293360 338.329200)
(2810.752849 -2601.627699 34.586246)
(2810.752849 -2601.627699 112.569824)
(2810.752849 -2601.627699 211.216460)
(2810.752849 -2601.627699 338.287780)
(3813.204288 -2602.406063 34.579407)
(3813.204288 -2602.406063 112.549900)
(3813.204288 -2602.406063 211.182300)
(3813.204288 -2602.406063 338.230130)
(-3186.672139 -1594.980028 34.610252)
(-3186.672139 -1594.980028 112.640020)
(-3186.672139 -1594.980028 211.322400)
(-3186.672139 -1594.980028 338.440980)
(-2186.813247 -1594.980028 34.604374)
(-2186.813247 -1594.980028 112.617880)
(-2186.813247 -1594.980028 211.287230)
(-2186.813247 -1594.980028 338.397770)
(-1187.300027 -1596.314367 34.597996)
(-1187.300027 -1596.314367 112.598840)
(-1187.300027 -1596.314367 211.256200)
(-1187.300027 -1596.314367 338.355130)
(-185.367098 -1597.537511 34.595585)
(-185.367098 -1597.537511 112.591225)
(-185.367098 -1597.537511 211.245010)
(-185.367098 -1597.537511 338.344540)
(814.491794 -1599.205435 34.592010)
(814.491794 -1599.205435 112.582450)
(814.491794 -1599.205435 211.234790)
(814.491794 -1599.205435 338.334800)
(1813.918595 -1599.205435 34.591427)
(1813.918595 -1599.205435 112.581510)
(1813.918595 -1599.205435 211.230000)
(1813.918595 -1599.205435 338.319800)
(2813.345396 -1602.207698 34.588350)
(2813.345396 -1602.207698 112.575000)
(2813.345396 -1602.207698 211.216700)
(2813.345396 -1602.207698 338.286380)
(3813.204288 -1603.097257 34.580452)
(3813.204288 -1603.097257 112.555540)
(3813.204288 -1603.097257 211.188430)
(3813.204288 -1603.097257 338.237880)
(-3186.672139 -595.115247 34.605160)
(-3186.672139 -595.115247 112.634430)
(-3186.672139 -595.115247 211.313190)
(-3186.672139 -595.115247 338.417200)
(-2184.220700 -595.115247 34.606106)
(-2184.220700 -595.115247 112.627304)
(-2184.220700 -595.115247 211.293440)
(-2184.220700 -595.115247 338.382600)
(-1184.707481 -596.560781 34.598370)
(-1184.707481 -596.560781 112.602850)
(-1184.707481 -596.560781 211.260620)
(-1184.707481 -596.560781 338.349150)
(-185.367098 -597.783926 34.593716)
(-185.367098 -597.783926 112.588380)
(-185.367098 -597.783926 211.243550)
(-185.367098 -597.783926 338.343080)
(814.491794 -598.451095 34.590286)
(814.491794 -598.451095 112.576730)
(814.491794 -598.451095 211.227620)
(814.491794 -598.451095 338.329380)
(1813.918595 -600.341409 34.587955)
(1813.918595 -600.341409 112.571080)
(1813.918595 -600.341409 211.216580)
(1813.918595 -600.341409 338.308470)
(2815.937943 -602.454113 34.587920)
(2815.937943 -602.454113 112.570580)
(2815.937943 -602.454113 211.206770)
(2815.937943 -602.454113 338.277370)
(3815.796835 -602.898892 34.584915)
(3815.796835 -602.898892 112.564540)
(3815.796835 -602.898892 211.192100)
(3815.796835 -602.898892 338.237950)
(-3183.733919 404.971923 34.601936)
(-3183.733919 404.971923 112.629970)
(-3183.733919 404.971923 211.296300)
(-3183.733919 404.971923 338.372300)
(-2184.220700 404.971923 34.604748)
(-2184.220700 404.971923 112.631960)
(-2184.220700 404.971923 211.292020)
(-2184.220700 404.971923 338.352330)
(-1184.707481 403.637584 34.599926)
(-1184.707481 403.637584 112.613014)
(-1184.707481 403.637584 211.275300)
(-1184.707481 403.637584 338.353180)
(-185.367098 401.969660 34.592570)
(-185.367098 401.969660 112.593700)
(-185.367098 401.969660 211.257190)
(-185.367098 401.969660 338.354250)
(817.084341 401.524880 34.590958)
(817.084341 401.524880 112.582040)
(817.084341 401.524880 211.238830)
(817.084341 401.524880 338.337300)
(1816.511142 400.079346 34.585075)
(1816.511142 400.079346 112.566450)
(1816.511142 400.079346 211.215530)
(1816.511142 400.079346 338.304000)
(2815.937943 398.189032 34.582394)
(2815.937943 398.189032 112.556570)
(2815.937943 398.189032 211.194410)
(2815.937943 398.189032 338.265930)
(3818.389382 396.743498 34.580620)
(3818.389382 396.743498 112.551970)
(3818.389382 396.743498 211.178330)
(3818.389382 396.743498 338.225460)
(-3183.733919 1405.615068 34.597733)
(-3183.733919 1405.615068 112.619470)
(-3183.733919 1405.615068 211.274980)
(-3183.733919 1405.615068 338.330870)
(-2184.220700 1404.725508 34.600716)
(-2184.220700 1404.725508 112.625990)
(-2184.220700 1404.725508 211.286010)
(-2184.220700 1404.725508 338.341220)
(-1181.769261 1403.502364 34.599240)
(-1181.769261 1403.502364 112.619970)
(-1181.769261 1403.502364 211.289870)
(-1181.769261 1403.502364 338.367920)
(-182.774551 1402.612805 34.597970)
(-182.774551 1402.612805 112.611060)
(-182.774551 1402.612805 211.279190)
(-182.774551 1402.612805 338.366270)
(817.084341 1402.168025 34.591476)
(817.084341 1402.168025 112.590950)
(817.084341 1402.168025 211.252560)
(817.084341 1402.168025 338.340420)
(1819.190107 1400.055321 34.586945)
(1819.190107 1400.055321 112.577240)
(1819.190107 1400.055321 211.233580)
(1819.190107 1400.055321 338.316650)
(2818.530490 1398.387397 34.581097)
(2818.530490 1398.387397 112.558980)
(2818.530490 1398.387397 211.205890)
(2818.530490 1398.387397 338.278900)
(3818.389382 1397.497838 34.576622)
(3818.389382 1397.497838 112.543050)
(3818.389382 1397.497838 211.175930)
(3818.389382 1397.497838 338.234130)
(-3183.733919 2405.368653 34.591175)
(-3183.733919 2405.368653 112.601600)
(-3183.733919 2405.368653 211.254930)
(-3183.733919 2405.368653 338.314200)
(-2184.220700 2405.368653 34.593956)
(-2184.220700 2405.368653 112.609870)
(-2184.220700 2405.368653 211.276150)
(-2184.220700 2405.368653 338.352450)
(-1181.769261 2403.255950 34.597836)
(-1181.769261 2403.255950 112.617130)
(-1181.769261 2403.255950 211.287810)
(-1181.769261 2403.255950 338.369570)
(-182.774551 2402.366390 34.594303)
(-182.774551 2402.366390 112.606600)
(-182.774551 2402.366390 211.276570)
(-182.774551 2402.366390 338.359340)
(819.676888 2401.921610 34.592080)
(819.676888 2401.921610 112.597664)
(819.676888 2401.921610 211.264020)
(819.676888 2401.921610 338.349180)
(1819.190107 2400.698466 34.587906)
(1819.190107 2400.698466 112.586410)
(1819.190107 2400.698466 211.248260)
(1819.190107 2400.698466 338.329200)
(2818.530490 2399.030542 34.583000)
(2818.530490 2399.030542 112.572100)
(2818.530490 2399.030542 211.227480)
(2818.530490 2399.030542 338.303740)
(3820.981928 2396.917839 34.573320)
(3820.981928 2396.917839 112.542046)
(3820.981928 2396.917839 211.187070)
(3820.981928 2396.917839 338.260070)
(-3181.141372 3406.011798 34.579690)
(-3181.141372 3406.011798 112.572980)
(-3181.141372 3406.011798 211.235440)
(-3181.141372 3406.011798 338.319820)
(-2181.628153 3405.678213 34.587150)
(-2181.628153 3405.678213 112.590110)
(-2181.628153 3405.678213 211.256600)
(-2181.628153 3405.678213 338.349060)
(-1181.769261 3403.899094 34.587000)
(-1181.769261 3403.899094 112.590280)
(-1181.769261 3403.899094 211.258450)
(-1181.769261 3403.899094 338.347960)
(-180.182004 3403.009535 34.595642)
(-180.182004 3403.009535 112.606550)
(-180.182004 3403.009535 211.273880)
(-180.182004 3403.009535 338.365170)
(819.676888 3402.564755 34.596188)
(819.676888 3402.564755 112.604830)
(819.676888 3402.564755 211.268690)
(819.676888 3402.564755 338.357060)
(1819.190107 3400.452052 34.595740)
(1819.190107 3400.452052 112.601135)
(1819.190107 3400.452052 211.261150)
(1819.190107 3400.452052 338.344150)
(2821.123036 3399.673687 34.590360)
(2821.123036 3399.673687 112.586685)
(2821.123036 3399.673687 211.242610)
(2821.123036 3399.673687 338.320130)
(3820.981928 3397.560984 34.584145)
(3820.981928 3397.560984 112.568870)
(3820.981928 3397.560984 211.219120)
(3820.981928 3397.560984 338.294950)

)
