// Data on points
256
(

(-4.856614 -3.477356 -0.004045)
(-5.395931 -3.628786 -0.009835)
(-7.388118 -3.950545 -0.014741)
(-7.835146 -4.446645 -0.015865)
(-4.762524 -3.487092 -0.002449)
(-5.301788 -3.599724 -0.007268)
(-7.389682 -3.981513 -0.012419)
(-7.853234 -4.430623 -0.015395)
(-4.706502 -3.417866 -0.005141)
(-5.267464 -3.582729 -0.007761)
(-7.466703 -4.039607 -0.011704)
(-7.866270 -4.431806 -0.015505)
(-4.730438 -3.436820 -0.003122)
(-5.310091 -3.636317 -0.003241)
(-7.644518 -4.127110 -0.003585)
(-7.876430 -4.452996 -0.003058)
(-4.817870 -3.478366 -0.000177)
(-5.355643 -3.683066 0.001259)
(-7.900531 -4.179481 0.005861)
(-7.888828 -4.472027 0.010038)
(-4.913854 -3.532759 0.000068)
(-5.358212 -3.690459 -0.001059)
(-8.133597 -4.166942 0.001687)
(-7.902664 -4.473238 0.005141)
(-4.944395 -3.548074 -0.002469)
(-5.300869 -3.648472 -0.008238)
(-8.276629 -4.095777 -0.008737)
(-7.921874 -4.458664 -0.006163)
(-4.866726 -3.542715 -0.005127)
(-5.175392 -3.572133 -0.013555)
(-8.360496 -4.033377 -0.015199)
(-7.959675 -4.440835 -0.011187)
(-4.977583 -3.514689 -0.001297)
(-5.555798 -3.659950 -0.004408)
(-7.693195 -3.952306 -0.011279)
(-7.838790 -4.444037 -0.016809)
(-4.901056 -3.519199 -0.004509)
(-5.438765 -3.615108 -0.011415)
(-7.581650 -3.934754 -0.018400)
(-7.862771 -4.415496 -0.020964)
(-4.819527 -3.449167 -0.003912)
(-5.341426 -3.555242 -0.007445)
(-7.534037 -3.935742 -0.013922)
(-7.888990 -4.394222 -0.018321)
(-4.787679 -3.424615 -0.002264)
(-5.346574 -3.563408 -0.002015)
(-7.576443 -3.996200 -0.001427)
(-7.906002 -4.398350 -0.001790)
(-4.799142 -3.421070 -0.000787)
(-5.412061 -3.608001 0.000275)
(-7.733908 -4.075929 0.003283)
(-7.916260 -4.416576 0.005033)
(-4.833014 -3.414662 0.000140)
(-5.427746 -3.626852 -0.002690)
(-7.955856 -4.122462 -0.000442)
(-7.923886 -4.430320 0.004562)
(-4.874921 -3.443699 -0.002243)
(-5.362320 -3.619123 -0.006467)
(-8.169128 -4.110872 -0.003272)
(-7.932683 -4.434486 0.003462)
(-4.896157 -3.484459 -0.001749)
(-5.277122 -3.600993 -0.003282)
(-8.315901 -4.067781 0.001047)
(-7.949986 -4.437384 0.007702)
(-5.117066 -3.518490 -0.004008)
(-5.709211 -3.655889 -0.010416)
(-8.139736 -4.021010 -0.017276)
(-7.846266 -4.424781 -0.021200)
(-5.048513 -3.519154 -0.005578)
(-5.614865 -3.636636 -0.014975)
(-7.962463 -3.970416 -0.023579)
(-7.874065 -4.404433 -0.026372)
(-4.953477 -3.501771 -0.003169)
(-5.489473 -3.573999 -0.007040)
(-7.829027 -3.933791 -0.012471)
(-7.899634 -4.382041 -0.014688)
(-4.903607 -3.463036 -0.001184)
(-5.431639 -3.544715 -0.000790)
(-7.749239 -3.935398 -0.002258)
(-7.919120 -4.376130 -0.003617)
(-4.855294 -3.466228 0.000118)
(-5.416043 -3.562123 -0.000514)
(-7.753911 -3.989254 -0.002398)
(-7.930687 -4.386684 -0.003926)
(-4.785143 -3.387440 0.000935)
(-5.402063 -3.562124 -0.000356)
(-7.845221 -4.046528 -0.000501)
(-7.939488 -4.399210 -0.000141)
(-4.751965 -3.349843 -0.000545)
(-5.393168 -3.574118 -0.002389)
(-8.017833 -4.093022 0.000971)
(-7.950424 -4.416521 0.006176)
(-4.777988 -3.362734 -0.002868)
(-5.383621 -3.595555 -0.005102)
(-8.227329 -4.095237 0.001594)
(-7.966077 -4.431100 0.010339)
(-4.895956 -3.336001 -0.006550)
(-5.607013 -3.536471 -0.018569)
(-8.422276 -4.095881 -0.027343)
(-7.865673 -4.390044 -0.030774)
(-5.001477 -3.390147 -0.005644)
(-5.625298 -3.577704 -0.015351)
(-8.348200 -4.055147 -0.021707)
(-7.895439 -4.384304 -0.022695)
(-5.047538 -3.510298 -0.003376)
(-5.592709 -3.578638 -0.006816)
(-8.283546 -4.028504 -0.007412)
(-7.905135 -4.379014 -0.005152)
(-5.034924 -3.492003 -0.002851)
(-5.565528 -3.554886 -0.004312)
(-8.186861 -3.986760 -0.003903)
(-7.914256 -4.379209 -0.002964)
(-4.994796 -3.546522 -0.000809)
(-5.505364 -3.561090 -0.004577)
(-8.070030 -3.979624 -0.009892)
(-7.928630 -4.384409 -0.012976)
(-4.878308 -3.485628 0.000407)
(-5.412545 -3.533117 -0.003687)
(-7.972696 -3.987600 -0.010239)
(-7.952033 -4.387793 -0.014112)
(-4.733376 -3.394606 0.002149)
(-5.376679 -3.520143 0.001572)
(-7.936020 -4.016383 -0.001982)
(-7.982422 -4.397025 -0.005607)
(-4.624463 -3.306464 -0.000993)
(-5.419381 -3.529417 -0.001940)
(-8.004252 -4.046218 -0.001523)
(-8.016882 -4.407322 -0.001458)
(-4.604650 -3.109197 -0.004686)
(-5.311764 -3.326145 -0.015537)
(-8.419531 -4.063562 -0.024708)
(-7.893613 -4.335469 -0.030227)
(-4.743866 -3.161702 0.000324)
(-5.374884 -3.403008 -0.000473)
(-8.493846 -4.085658 -0.002137)
(-7.919086 -4.344092 -0.003724)
(-5.013331 -3.421266 0.001073)
(-5.455973 -3.502779 0.006549)
(-8.618742 -4.121238 0.012749)
(-7.907959 -4.360990 0.016657)
(-5.134634 -3.441392 -0.003816)
(-5.545977 -3.535713 -0.006472)
(-8.656752 -4.095233 -0.004901)
(-7.901115 -4.377743 -0.002196)
(-5.116197 -3.516604 -0.004320)
(-5.543863 -3.555249 -0.012892)
(-8.570868 -4.048031 -0.019081)
(-7.918506 -4.383204 -0.021289)
(-5.052874 -3.521319 -0.003570)
(-5.454554 -3.527924 -0.013505)
(-8.441252 -4.001382 -0.021147)
(-7.958702 -4.379188 -0.024213)
(-4.952024 -3.484451 -0.000321)
(-5.378695 -3.493617 -0.005793)
(-8.307561 -3.967993 -0.012654)
(-8.011221 -4.373240 -0.017457)
(-4.836498 -3.396975 0.001038)
(-5.369883 -3.472889 0.000147)
(-8.212038 -3.967137 -0.003915)
(-8.062637 -4.373142 -0.007872)
(-4.585813 -3.046687 0.002109)
(-5.080181 -3.176912 0.000276)
(-8.291965 -3.934523 -0.004873)
(-7.891629 -4.283494 -0.010921)
(-4.695746 -3.087903 0.007053)
(-5.149503 -3.239949 0.017819)
(-8.395666 -4.018993 0.022541)
(-7.909223 -4.300127 0.021053)
(-4.927639 -3.276483 0.001601)
(-5.301200 -3.371337 0.008397)
(-8.564613 -4.115744 0.015128)
(-7.905655 -4.332393 0.017925)
(-5.086323 -3.324491 -0.003107)
(-5.473987 -3.443274 -0.004745)
(-8.686847 -4.142796 -0.003715)
(-7.907617 -4.359384 -0.002412)
(-5.113262 -3.379658 -0.004851)
(-5.548096 -3.491527 -0.013212)
(-8.731424 -4.108896 -0.015202)
(-7.920914 -4.369300 -0.013750)
(-5.078047 -3.419353 -0.002976)
(-5.508539 -3.488792 -0.013190)
(-8.718874 -4.052055 -0.018627)
(-7.959102 -4.364052 -0.018342)
(-5.034672 -3.449800 -0.002631)
(-5.430724 -3.470441 -0.010795)
(-8.658668 -3.989067 -0.016101)
(-8.019927 -4.350709 -0.015963)
(-5.031536 -3.453335 -0.000467)
(-5.376522 -3.454097 -0.002233)
(-8.575981 -3.950607 -0.006693)
(-8.082184 -4.343639 -0.009039)
(-4.592979 -3.153411 0.006515)
(-5.044446 -3.168633 0.014637)
(-8.240917 -3.811869 0.013753)
(-7.845239 -4.248729 0.009705)
(-4.699223 -3.165397 0.004452)
(-5.041092 -3.182183 0.013348)
(-8.302019 -3.905322 0.015612)
(-7.869561 -4.268637 0.013822)
(-4.818454 -3.192619 0.001374)
(-5.135304 -3.249372 0.004837)
(-8.428005 -4.005363 0.004948)
(-7.896020 -4.297845 0.002663)
(-4.939456 -3.198623 0.000557)
(-5.254112 -3.304282 0.001788)
(-8.593946 -4.077824 0.003167)
(-7.918961 -4.321794 0.002788)
(-5.039981 -3.223370 -0.000756)
(-5.381431 -3.378068 -0.002920)
(-8.739813 -4.096451 -0.001894)
(-7.935439 -4.338585 -0.000742)
(-5.076262 -3.261162 -0.003472)
(-5.456737 -3.408219 -0.011037)
(-8.836839 -4.080841 -0.011026)
(-7.962919 -4.343181 -0.006666)
(-5.060584 -3.315222 -0.004854)
(-5.463245 -3.414211 -0.014189)
(-8.876927 -4.037091 -0.016276)
(-8.013066 -4.339423 -0.011715)
(-5.033021 -3.376662 -0.004239)
(-5.444881 -3.420134 -0.012198)
(-8.838106 -3.986581 -0.016100)
(-8.075823 -4.336474 -0.013534)
(-4.781061 -3.290566 -0.001718)
(-5.167833 -3.265026 -0.001910)
(-8.424196 -3.779464 -0.004355)
(-7.773094 -4.236825 -0.004409)
(-4.731859 -3.251263 -0.002989)
(-5.060370 -3.210603 -0.005406)
(-8.340611 -3.807832 -0.012467)
(-7.825161 -4.244511 -0.018425)
(-4.727482 -3.188515 0.001176)
(-5.045463 -3.177474 0.002180)
(-8.296787 -3.858707 -0.002200)
(-7.880359 -4.253330 -0.008200)
(-4.802825 -3.166279 0.005166)
(-5.136259 -3.197691 0.011075)
(-8.329264 -3.916158 0.009712)
(-7.926834 -4.268123 0.003086)
(-4.885598 -3.140050 0.002170)
(-5.264942 -3.257271 0.003550)
(-8.444698 -3.971301 0.003333)
(-7.961889 -4.281528 0.001250)
(-4.962847 -3.131069 0.001045)
(-5.356308 -3.298516 0.000580)
(-8.628059 -4.007340 -0.000352)
(-7.997597 -4.293489 -0.001281)
(-5.033801 -3.152429 -0.001871)
(-5.416162 -3.307996 -0.006173)
(-8.807863 -4.028863 -0.006239)
(-8.042099 -4.305976 -0.003737)
(-5.090402 -3.210305 -0.003601)
(-5.462678 -3.339740 -0.010262)
(-8.927235 -4.017351 -0.010900)
(-8.087973 -4.323850 -0.007555)

)

// ************************************************************************* //
