// Data on points
256
(

(-4.932706 -3.629589 -0.002029)
(-5.448557 -3.761592 -0.002047)
(-8.945597 -4.509160 -0.000911)
(-7.743729 -4.537548 -0.002422)
(-4.883057 -3.683118 0.001074)
(-5.370763 -3.771322 0.005052)
(-8.973648 -4.534670 0.006170)
(-7.704092 -4.548359 0.001438)
(-4.850545 -3.608561 -0.001900)
(-5.361397 -3.756188 0.001850)
(-8.995332 -4.555027 0.002389)
(-7.652291 -4.552620 -0.002054)
(-4.851075 -3.574131 -0.001997)
(-5.498234 -3.830105 0.002017)
(-9.016785 -4.573843 0.005686)
(-7.603162 -4.552187 0.004127)
(-4.926344 -3.566938 0.002445)
(-5.778590 -3.961689 0.009354)
(-9.032482 -4.585044 0.015188)
(-7.574090 -4.546815 0.014322)
(-5.114547 -3.646014 0.004022)
(-6.065246 -4.094814 0.007998)
(-9.035410 -4.586449 0.010070)
(-7.575236 -4.536801 0.008791)
(-5.311773 -3.766673 0.001203)
(-6.277903 -4.153763 0.001059)
(-8.999365 -4.572649 -0.000746)
(-7.598480 -4.524757 -0.004945)
(-5.354271 -3.811943 -0.002275)
(-6.455263 -4.231035 -0.005220)
(-8.913075 -4.543748 -0.007353)
(-7.627770 -4.517555 -0.012263)
(-4.961301 -3.649146 0.000582)
(-5.625555 -3.845878 0.001480)
(-8.919721 -4.505220 0.000020)
(-7.720637 -4.520578 -0.003135)
(-4.952990 -3.725942 -0.002042)
(-5.530877 -3.865183 -0.003460)
(-8.939238 -4.523492 -0.004538)
(-7.697263 -4.525238 -0.007062)
(-4.906607 -3.679864 -0.002164)
(-5.466927 -3.815355 -0.001061)
(-8.951622 -4.534090 -0.002086)
(-7.674398 -4.525165 -0.005787)
(-4.871623 -3.620799 0.000114)
(-5.487350 -3.803792 0.005625)
(-8.979214 -4.549835 0.009408)
(-7.647979 -4.527821 0.007804)
(-4.863503 -3.554304 0.002406)
(-5.634948 -3.853810 0.009885)
(-9.029846 -4.567711 0.016430)
(-7.621727 -4.532163 0.016139)
(-4.921395 -3.516467 0.003227)
(-5.863021 -3.940052 0.009170)
(-9.067759 -4.574037 0.014730)
(-7.608388 -4.528126 0.013916)
(-5.054326 -3.583101 0.001130)
(-6.093849 -4.036094 0.003265)
(-9.067602 -4.565587 0.006596)
(-7.611205 -4.516059 0.006296)
(-5.196884 -3.677713 -0.001566)
(-6.272570 -4.160963 -0.001120)
(-9.023837 -4.549201 0.001127)
(-7.621663 -4.508101 -0.000282)
(-4.995936 -3.590751 -0.000913)
(-5.769354 -3.914103 -0.002240)
(-8.992384 -4.500152 -0.004929)
(-7.696285 -4.478090 -0.008999)
(-5.026469 -3.686776 -0.004528)
(-5.699508 -3.923999 -0.009574)
(-8.973175 -4.512144 -0.013894)
(-7.693383 -4.488182 -0.018847)
(-4.987583 -3.714057 -0.001297)
(-5.637734 -3.905399 -0.002553)
(-8.960188 -4.513617 -0.005223)
(-7.690167 -4.488569 -0.007868)
(-4.993614 -3.686986 -0.000152)
(-5.602334 -3.857974 0.005789)
(-8.979334 -4.522022 0.009357)
(-7.681501 -4.495796 0.007561)
(-4.970972 -3.667849 0.003309)
(-5.654256 -3.852854 0.010884)
(-9.018753 -4.542086 0.016252)
(-7.665115 -4.509973 0.015050)
(-4.896433 -3.530135 0.004250)
(-5.792758 -3.866145 0.011465)
(-9.057162 -4.553933 0.017408)
(-7.647709 -4.518300 0.016080)
(-4.851153 -3.463524 0.001476)
(-6.007443 -3.937050 0.004431)
(-9.081495 -4.560076 0.009155)
(-7.639185 -4.520296 0.009213)
(-4.884787 -3.472338 -0.001842)
(-6.243167 -4.063550 -0.003118)
(-9.074327 -4.558069 -0.002315)
(-7.641585 -4.518165 -0.002965)
(-4.636455 -3.366611 -0.001818)
(-5.911982 -3.916900 -0.009360)
(-8.942766 -4.455489 -0.018851)
(-7.681663 -4.412712 -0.024688)
(-4.884035 -3.500519 -0.003822)
(-5.826101 -3.920732 -0.010267)
(-8.975859 -4.477465 -0.016783)
(-7.702556 -4.425072 -0.022790)
(-5.012895 -3.681449 -0.001561)
(-5.832459 -3.967495 -0.000473)
(-9.002275 -4.487768 0.000471)
(-7.709414 -4.435812 -0.001460)
(-5.101496 -3.680983 0.000951)
(-5.847299 -3.957238 0.006124)
(-9.049364 -4.497491 0.010165)
(-7.715309 -4.452354 0.010690)
(-5.173647 -3.780707 0.003211)
(-5.826974 -3.921229 0.008653)
(-9.102001 -4.515383 0.012278)
(-7.717583 -4.474507 0.011411)
(-5.097417 -3.676377 0.003272)
(-5.836685 -3.898002 0.007517)
(-9.129150 -4.521959 0.010367)
(-7.715937 -4.490604 0.007577)
(-4.903756 -3.542388 0.001983)
(-5.890146 -3.880256 0.003299)
(-9.143854 -4.529848 0.004188)
(-7.716375 -4.501877 0.000699)
(-4.691472 -3.398939 -0.001976)
(-5.997853 -3.943747 -0.006489)
(-9.142796 -4.531083 -0.010327)
(-7.722237 -4.507392 -0.014727)
(-4.321041 -3.185362 -0.002496)
(-5.854183 -3.814234 -0.011504)
(-8.833447 -4.348935 -0.023582)
(-7.671168 -4.335149 -0.032871)
(-4.530668 -3.239715 0.003406)
(-5.828212 -3.834373 0.005791)
(-8.877710 -4.387284 0.001492)
(-7.708355 -4.339476 -0.006089)
(-4.906206 -3.566767 0.004179)
(-5.924536 -3.938132 0.013808)
(-8.987967 -4.434873 0.019660)
(-7.714580 -4.362576 0.019129)
(-5.141593 -3.590912 -0.000839)
(-6.061051 -4.004531 0.002274)
(-9.101941 -4.466723 0.007039)
(-7.732969 -4.395351 0.009048)
(-5.264096 -3.728678 -0.000565)
(-6.087321 -4.002462 -0.000759)
(-9.180903 -4.486395 0.000177)
(-7.766830 -4.420910 -0.000177)
(-5.304807 -3.740368 0.001200)
(-6.059596 -3.991935 0.000316)
(-9.222996 -4.486108 0.001406)
(-7.796984 -4.437303 -0.000216)
(-5.217331 -3.683335 0.001330)
(-6.025310 -3.927685 0.000709)
(-9.229198 -4.482189 -0.000675)
(-7.822024 -4.446862 -0.006365)
(-5.014326 -3.539149 -0.000808)
(-6.020395 -3.894101 -0.002376)
(-9.204762 -4.477027 -0.005413)
(-7.835544 -4.454819 -0.012865)
(-4.387542 -3.216515 0.002915)
(-5.712676 -3.724125 0.001826)
(-8.789485 -4.233894 -0.005530)
(-7.645513 -4.268239 -0.014045)
(-4.488543 -3.218637 0.011072)
(-5.723255 -3.734293 0.025379)
(-8.823528 -4.275797 0.028719)
(-7.668355 -4.263531 0.024376)
(-4.774508 -3.429252 0.004835)
(-5.848604 -3.834273 0.015310)
(-8.940088 -4.353375 0.020399)
(-7.687350 -4.290105 0.020286)
(-5.024700 -3.460233 -0.001255)
(-6.025706 -3.932658 0.001487)
(-9.055479 -4.402998 0.004166)
(-7.734099 -4.326097 0.003377)
(-5.160789 -3.550030 -0.001575)
(-6.180864 -4.005958 -0.002479)
(-9.138833 -4.434836 0.000399)
(-7.793047 -4.351461 0.001043)
(-5.239793 -3.638887 0.001565)
(-6.240005 -4.058819 0.000234)
(-9.212376 -4.445779 0.001249)
(-7.850617 -4.370300 0.001657)
(-5.273562 -3.687895 0.000965)
(-6.191001 -4.040545 0.000993)
(-9.267447 -4.442076 0.001857)
(-7.898440 -4.379174 0.001097)
(-5.277614 -3.648939 0.000058)
(-6.087588 -3.986113 0.001490)
(-9.301666 -4.435780 0.001910)
(-7.922512 -4.385421 -0.001018)
(-4.465657 -3.375335 0.007224)
(-5.723574 -3.774423 0.018012)
(-8.802080 -4.164298 0.021544)
(-7.617371 -4.226078 0.018785)
(-4.571709 -3.383975 0.005491)
(-5.694288 -3.722960 0.017993)
(-8.851879 -4.204567 0.024028)
(-7.619173 -4.223107 0.024571)
(-4.668621 -3.372717 0.000673)
(-5.796462 -3.756448 0.007370)
(-8.913892 -4.262248 0.012104)
(-7.651388 -4.236115 0.010635)
(-4.791193 -3.360140 0.003291)
(-5.976489 -3.798287 0.009317)
(-8.978984 -4.308509 0.012112)
(-7.710755 -4.255116 0.010954)
(-4.981523 -3.404024 0.003674)
(-6.158961 -3.884029 0.007110)
(-9.057093 -4.357110 0.007226)
(-7.778195 -4.280989 0.006728)
(-5.145603 -3.502521 0.001972)
(-6.310406 -3.998921 0.001744)
(-9.131458 -4.391790 0.001310)
(-7.843903 -4.307529 0.002297)
(-5.209064 -3.600415 -0.001491)
(-6.418897 -4.081488 -0.003474)
(-9.197386 -4.406886 -0.001795)
(-7.900047 -4.324440 0.000657)
(-5.202013 -3.636521 -0.001365)
(-6.415868 -4.103427 -0.003231)
(-9.265254 -4.411866 -0.002592)
(-7.939117 -4.334790 -0.000801)
(-4.671370 -3.521501 0.000627)
(-5.969702 -3.927821 0.006987)
(-8.819921 -4.154199 0.013151)
(-7.590848 -4.207619 0.016318)
(-4.607035 -3.500809 -0.004254)
(-5.893155 -3.828325 -0.005102)
(-8.874931 -4.178959 -0.002490)
(-7.596898 -4.204352 -0.000021)
(-4.567108 -3.383319 0.002028)
(-5.825950 -3.784777 0.006096)
(-8.923215 -4.192504 0.008477)
(-7.632599 -4.194551 0.008965)
(-4.680087 -3.374351 0.006944)
(-5.793020 -3.723365 0.015347)
(-8.986949 -4.222625 0.017726)
(-7.687708 -4.199647 0.017306)
(-4.844568 -3.368321 0.004931)
(-5.828417 -3.727540 0.010106)
(-9.050455 -4.264954 0.009716)
(-7.753850 -4.221391 0.007681)
(-5.007540 -3.422136 0.002133)
(-5.953543 -3.791401 0.002918)
(-9.097460 -4.304425 -0.000154)
(-7.824661 -4.247830 -0.003674)
(-5.157433 -3.488916 0.000569)
(-6.137807 -3.923427 -0.001913)
(-9.149540 -4.336881 -0.005279)
(-7.890510 -4.269516 -0.006716)
(-5.265572 -3.564538 -0.001324)
(-6.325935 -4.023533 -0.003639)
(-9.226593 -4.364128 -0.004959)
(-7.940011 -4.291279 -0.005052)

)

// ************************************************************************* //
