// Data on points
256
(

(-5.045303 -3.661524 -0.001385)
(-5.890917 -3.969322 -0.001848)
(-8.984427 -4.641264 -0.000283)
(-7.864325 -4.473178 0.001695)
(-5.012196 -3.716163 0.000254)
(-5.858902 -3.967363 0.001939)
(-9.047881 -4.686023 0.002667)
(-7.834104 -4.488163 0.001280)
(-4.966404 -3.647326 -0.003628)
(-5.854842 -3.961227 -0.004577)
(-9.132907 -4.747430 -0.005837)
(-7.796981 -4.506611 -0.006791)
(-4.944530 -3.637113 -0.004830)
(-5.952845 -4.068893 -0.004386)
(-9.233202 -4.816256 -0.004217)
(-7.759321 -4.534326 -0.006643)
(-4.973349 -3.655286 -0.000043)
(-6.166896 -4.249608 0.000880)
(-9.324718 -4.861641 0.001647)
(-7.723709 -4.564086 0.000672)
(-5.080681 -3.739639 0.001076)
(-6.403344 -4.421542 0.000417)
(-9.378031 -4.867115 -0.000494)
(-7.697503 -4.578188 -0.001996)
(-5.202416 -3.846479 -0.000815)
(-6.591825 -4.514545 -0.006214)
(-9.375624 -4.839062 -0.009916)
(-7.687395 -4.569795 -0.011437)
(-5.210791 -3.901533 -0.004499)
(-6.740099 -4.611321 -0.010840)
(-9.324598 -4.797719 -0.014831)
(-7.690765 -4.550325 -0.017430)
(-5.058504 -3.632962 0.000769)
(-6.048029 -4.018879 0.001792)
(-9.016516 -4.625350 0.001354)
(-7.867690 -4.500843 0.000007)
(-5.078218 -3.723209 -0.003649)
(-5.992753 -4.031428 -0.005511)
(-9.034964 -4.645507 -0.005798)
(-7.840343 -4.528750 -0.006079)
(-5.020350 -3.690062 -0.004803)
(-5.934746 -3.977750 -0.007878)
(-9.079653 -4.666433 -0.008849)
(-7.815752 -4.547029 -0.008878)
(-4.964147 -3.658732 -0.002106)
(-5.930906 -3.980787 -0.002681)
(-9.158585 -4.714110 -0.002219)
(-7.789623 -4.566538 -0.001888)
(-4.929587 -3.632925 -0.000583)
(-6.033660 -4.077840 0.000063)
(-9.262550 -4.772757 0.001471)
(-7.753199 -4.589719 0.000129)
(-4.913246 -3.603819 -0.001838)
(-6.221278 -4.224546 -0.002466)
(-9.349810 -4.805682 -0.000073)
(-7.711189 -4.599163 -0.002628)
(-4.943065 -3.639268 -0.003272)
(-6.421927 -4.366433 -0.006975)
(-9.391190 -4.804654 -0.006900)
(-7.679011 -4.587874 -0.008144)
(-5.030166 -3.719244 -0.003659)
(-6.567480 -4.513637 -0.007206)
(-9.378482 -4.789489 -0.008494)
(-7.664610 -4.565519 -0.009891)
(-5.019332 -3.543030 -0.001577)
(-6.129822 -4.079692 -0.002317)
(-9.135397 -4.630585 -0.003604)
(-7.859946 -4.495337 -0.007188)
(-5.087750 -3.650487 -0.004362)
(-6.063526 -4.078045 -0.008913)
(-9.101082 -4.637882 -0.012314)
(-7.845334 -4.537948 -0.015635)
(-5.059091 -3.680534 -0.003517)
(-6.027514 -4.049059 -0.004715)
(-9.101332 -4.628429 -0.004633)
(-7.823996 -4.561521 -0.006602)
(-5.051536 -3.661463 -0.001903)
(-6.015712 -4.003154 0.000077)
(-9.147093 -4.640142 0.002467)
(-7.799865 -4.580290 0.001629)
(-5.007327 -3.688596 -0.000278)
(-6.062684 -4.027906 0.001148)
(-9.217868 -4.682793 0.002883)
(-7.763314 -4.599486 0.000769)
(-4.866092 -3.576994 -0.000324)
(-6.189228 -4.107838 -0.000373)
(-9.290434 -4.725547 0.001082)
(-7.717097 -4.608403 -0.002193)
(-4.710857 -3.498391 -0.002761)
(-6.378603 -4.241853 -0.006687)
(-9.351012 -4.754993 -0.006106)
(-7.679516 -4.604903 -0.007787)
(-4.645730 -3.473248 -0.005457)
(-6.554361 -4.404058 -0.012964)
(-9.376383 -4.765978 -0.015373)
(-7.660419 -4.586345 -0.016206)
(-4.464459 -3.310801 -0.001478)
(-6.170901 -4.121244 -0.009166)
(-9.145718 -4.601465 -0.020541)
(-7.850884 -4.461690 -0.028033)
(-4.770229 -3.435962 -0.001610)
(-6.054312 -4.083773 -0.005033)
(-9.128294 -4.607277 -0.011437)
(-7.852752 -4.498654 -0.019801)
(-4.964079 -3.625309 0.000203)
(-6.095349 -4.096906 0.004637)
(-9.143711 -4.597396 0.007134)
(-7.829758 -4.524342 0.002773)
(-5.068080 -3.592624 -0.000327)
(-6.181691 -4.092274 0.005437)
(-9.196398 -4.596056 0.011189)
(-7.802467 -4.549415 0.009376)
(-5.140077 -3.730426 0.001474)
(-6.212700 -4.069276 0.004799)
(-9.248471 -4.614897 0.006466)
(-7.769185 -4.573504 0.001634)
(-5.039260 -3.657547 0.000037)
(-6.247215 -4.091552 -0.000766)
(-9.282839 -4.644455 -0.001417)
(-7.733225 -4.589562 -0.007306)
(-4.780875 -3.545287 -0.001283)
(-6.309616 -4.135508 -0.006491)
(-9.313509 -4.680135 -0.011544)
(-7.709783 -4.593523 -0.017882)
(-4.468526 -3.377452 -0.006548)
(-6.390966 -4.253313 -0.018398)
(-9.334377 -4.705246 -0.027136)
(-7.705439 -4.580719 -0.033164)
(-3.999927 -3.156154 -0.003615)
(-6.080196 -4.057731 -0.014454)
(-9.065422 -4.494046 -0.030567)
(-7.833820 -4.399072 -0.043895)
(-4.241176 -3.173705 0.006788)
(-6.007456 -4.016148 0.012621)
(-9.070833 -4.507855 0.006395)
(-7.842593 -4.416884 -0.007022)
(-4.730893 -3.532910 0.008324)
(-6.109844 -4.055697 0.024365)
(-9.154663 -4.529081 0.030826)
(-7.813100 -4.442903 0.024970)
(-5.036011 -3.498028 0.002440)
(-6.312029 -4.130928 0.008683)
(-9.257643 -4.547459 0.013611)
(-7.791485 -4.478381 0.012068)
(-5.189474 -3.648963 -0.000466)
(-6.418565 -4.129399 0.002067)
(-9.315804 -4.555027 0.002905)
(-7.781143 -4.507100 -0.003920)
(-5.250297 -3.672768 -0.000684)
(-6.439222 -4.134112 -0.002709)
(-9.341428 -4.567976 -0.004608)
(-7.768264 -4.528080 -0.012583)
(-5.152921 -3.642962 -0.001268)
(-6.416048 -4.103869 -0.007830)
(-9.345678 -4.587596 -0.014694)
(-7.762853 -4.536952 -0.023805)
(-4.901659 -3.507650 -0.004032)
(-6.381043 -4.119241 -0.013409)
(-9.332539 -4.610044 -0.023915)
(-7.768450 -4.531537 -0.033651)
(-4.131825 -3.203180 0.001451)
(-5.958832 -3.948995 -0.002481)
(-9.005250 -4.338125 -0.015462)
(-7.790619 -4.314106 -0.031038)
(-4.269984 -3.206412 0.013290)
(-5.944207 -3.910154 0.030929)
(-9.047604 -4.369499 0.031707)
(-7.776857 -4.321007 0.020105)
(-4.621384 -3.429435 0.008284)
(-6.078988 -3.957113 0.022237)
(-9.160114 -4.429280 0.027791)
(-7.755778 -4.351166 0.024068)
(-4.929949 -3.416973 0.002413)
(-6.288300 -4.053343 0.008826)
(-9.265743 -4.467865 0.010524)
(-7.762361 -4.387443 0.005782)
(-5.094815 -3.490959 0.001536)
(-6.481993 -4.124579 0.003711)
(-9.331556 -4.485418 0.004595)
(-7.777284 -4.413464 0.000271)
(-5.196465 -3.566080 0.001959)
(-6.577428 -4.167925 0.002246)
(-9.374014 -4.499263 0.000642)
(-7.790368 -4.437349 -0.006219)
(-5.249256 -3.611978 0.000003)
(-6.544557 -4.149635 -0.002949)
(-9.389801 -4.511818 -0.007377)
(-7.802293 -4.453234 -0.014899)
(-5.269231 -3.595132 -0.001251)
(-6.428646 -4.119522 -0.004555)
(-9.383268 -4.528591 -0.011031)
(-7.808684 -4.461051 -0.019250)
(-4.290420 -3.342256 0.008246)
(-6.050556 -3.921789 0.017994)
(-8.988686 -4.199322 0.015024)
(-7.717400 -4.237024 0.004394)
(-4.494085 -3.410926 0.006675)
(-5.996995 -3.871071 0.019126)
(-9.062545 -4.251190 0.022477)
(-7.685445 -4.248118 0.017530)
(-4.625574 -3.393851 0.002023)
(-6.087445 -3.888993 0.008260)
(-9.160767 -4.318222 0.011268)
(-7.679843 -4.272658 0.006865)
(-4.759469 -3.366320 0.004145)
(-6.250034 -3.928909 0.011870)
(-9.247571 -4.367946 0.014400)
(-7.703246 -4.294859 0.009674)
(-4.950989 -3.389971 0.005425)
(-6.426825 -4.017185 0.011818)
(-9.321758 -4.410834 0.012977)
(-7.732372 -4.320489 0.009077)
(-5.092293 -3.461939 0.002383)
(-6.587981 -4.112974 0.004279)
(-9.370773 -4.445693 0.004888)
(-7.762532 -4.347752 0.001180)
(-5.128768 -3.522780 -0.001657)
(-6.685018 -4.175453 -0.004033)
(-9.397978 -4.471767 -0.004604)
(-7.791450 -4.374200 -0.007716)
(-5.099843 -3.551786 -0.002498)
(-6.660900 -4.201064 -0.006531)
(-9.413879 -4.493014 -0.008976)
(-7.812318 -4.398496 -0.012121)
(-4.592404 -3.470762 0.001196)
(-6.310002 -4.009243 0.007198)
(-9.041212 -4.134253 0.009770)
(-7.617327 -4.199081 0.008265)
(-4.568706 -3.517149 -0.005276)
(-6.231630 -3.943966 -0.007299)
(-9.082566 -4.174455 -0.007386)
(-7.599315 -4.210841 -0.009586)
(-4.548550 -3.408440 0.002024)
(-6.154841 -3.902318 0.005109)
(-9.136221 -4.210617 0.003810)
(-7.610025 -4.214032 -0.000838)
(-4.698386 -3.403072 0.007775)
(-6.092363 -3.847825 0.016217)
(-9.206906 -4.263750 0.015270)
(-7.639586 -4.226512 0.010448)
(-4.873131 -3.395564 0.005487)
(-6.111360 -3.871266 0.010483)
(-9.282406 -4.323659 0.009456)
(-7.673405 -4.248786 0.005506)
(-5.002385 -3.431336 0.003264)
(-6.217750 -3.934237 0.004080)
(-9.335888 -4.376598 0.000018)
(-7.715694 -4.272220 -0.005244)
(-5.091455 -3.459038 0.000848)
(-6.365045 -4.048225 -0.001140)
(-9.359023 -4.420770 -0.005783)
(-7.766499 -4.299646 -0.011189)
(-5.142869 -3.493952 -0.000278)
(-6.513060 -4.145929 -0.002767)
(-9.372147 -4.458193 -0.006708)
(-7.813554 -4.335154 -0.011879)

)

// ************************************************************************* //
