// Data on points
256
(

(-4.813535 -3.658595 -0.000998)
(-5.150925 -3.728774 0.000113)
(-8.529844 -4.450549 0.001698)
(-7.642864 -4.525969 0.002990)
(-4.768783 -3.680379 0.000317)
(-5.063877 -3.699164 0.004690)
(-8.541073 -4.446964 0.008410)
(-7.645916 -4.526575 0.008514)
(-4.736707 -3.574011 -0.001551)
(-5.037146 -3.633563 0.002710)
(-8.555462 -4.436143 0.004748)
(-7.649405 -4.518158 0.005240)
(-4.763542 -3.532255 -0.001278)
(-5.134063 -3.650459 0.003644)
(-8.590345 -4.434552 0.007010)
(-7.657194 -4.508305 0.008475)
(-4.873416 -3.547329 0.002642)
(-5.357672 -3.752768 0.009177)
(-8.645088 -4.434996 0.014868)
(-7.670853 -4.500998 0.016866)
(-5.044328 -3.641173 0.003606)
(-5.617354 -3.891662 0.007936)
(-8.696508 -4.436057 0.011674)
(-7.690762 -4.495320 0.013207)
(-5.164923 -3.737712 0.000602)
(-5.817427 -3.967532 0.001292)
(-8.727628 -4.422463 0.004066)
(-7.720644 -4.487883 0.005615)
(-5.122035 -3.753064 -0.002512)
(-5.948277 -4.021119 -0.003460)
(-8.743917 -4.399733 0.001751)
(-7.762275 -4.482123 0.005040)
(-4.907909 -3.714771 0.001486)
(-5.396932 -3.809491 0.002888)
(-8.610130 -4.462041 0.001228)
(-7.654152 -4.506082 -0.000482)
(-4.896148 -3.760004 -0.002355)
(-5.275268 -3.799423 -0.003940)
(-8.605663 -4.455274 -0.005403)
(-7.666359 -4.513993 -0.005547)
(-4.835405 -3.676692 -0.001977)
(-5.159893 -3.707702 -0.000884)
(-8.588080 -4.425420 -0.002676)
(-7.681923 -4.508674 -0.003727)
(-4.786904 -3.587322 0.000204)
(-5.126465 -3.639763 0.005607)
(-8.588244 -4.410637 0.009663)
(-7.695443 -4.499777 0.012011)
(-4.778620 -3.524874 0.002782)
(-5.233195 -3.654846 0.009522)
(-8.634855 -4.412909 0.016978)
(-7.704395 -4.492283 0.021024)
(-4.835694 -3.508644 0.002493)
(-5.444741 -3.746483 0.007527)
(-8.695459 -4.426206 0.014790)
(-7.714255 -4.482328 0.018349)
(-4.952153 -3.583803 0.000609)
(-5.669880 -3.876462 0.002780)
(-8.748096 -4.433925 0.009053)
(-7.734482 -4.470930 0.013503)
(-5.073430 -3.674332 0.000353)
(-5.832603 -4.008326 0.002739)
(-8.783114 -4.435350 0.008082)
(-7.770739 -4.463361 0.012279)
(-4.988549 -3.680071 -0.001348)
(-5.576691 -3.873223 -0.003847)
(-8.755927 -4.473461 -0.007247)
(-7.668032 -4.467590 -0.009330)
(-5.002187 -3.754061 -0.004771)
(-5.468068 -3.867699 -0.010828)
(-8.707121 -4.467538 -0.016074)
(-7.696915 -4.484100 -0.019530)
(-4.940330 -3.755772 -0.002320)
(-5.351750 -3.824484 -0.003413)
(-8.657301 -4.436969 -0.005049)
(-7.718642 -4.485265 -0.006114)
(-4.914045 -3.687158 0.000954)
(-5.254968 -3.735860 0.006808)
(-8.637989 -4.411644 0.010453)
(-7.731213 -4.485237 0.012096)
(-4.863514 -3.638859 0.003063)
(-5.253727 -3.688277 0.010961)
(-8.648749 -4.409011 0.017731)
(-7.734554 -4.482967 0.020184)
(-4.779194 -3.508823 0.004816)
(-5.367580 -3.683972 0.011649)
(-8.667789 -4.414785 0.017881)
(-7.737558 -4.473661 0.020810)
(-4.742590 -3.462101 0.002833)
(-5.587593 -3.778781 0.006426)
(-8.698318 -4.432250 0.011921)
(-7.753512 -4.464479 0.016363)
(-4.788513 -3.487993 -0.002053)
(-5.832085 -3.931467 -0.002729)
(-8.750521 -4.446643 0.003046)
(-7.786072 -4.457139 0.009339)
(-4.645697 -3.458778 -0.004247)
(-5.712137 -3.869571 -0.014678)
(-8.670974 -4.433960 -0.024810)
(-7.690677 -4.410017 -0.028507)
(-4.868686 -3.581440 -0.004825)
(-5.575521 -3.866032 -0.013270)
(-8.726097 -4.445336 -0.020935)
(-7.738313 -4.428735 -0.025674)
(-4.971117 -3.746301 -0.001984)
(-5.547386 -3.903016 -0.001850)
(-8.751415 -4.442037 -0.001458)
(-7.761525 -4.439484 -0.002976)
(-5.031862 -3.724780 0.001089)
(-5.532437 -3.878166 0.006530)
(-8.773258 -4.428003 0.010840)
(-7.772483 -4.450491 0.012053)
(-5.066557 -3.783149 0.003570)
(-5.477450 -3.815883 0.009813)
(-8.777081 -4.426212 0.014006)
(-7.776010 -4.459548 0.014565)
(-4.974394 -3.663697 0.004448)
(-5.450276 -3.750157 0.010185)
(-8.728981 -4.410208 0.012801)
(-7.783363 -4.459098 0.011810)
(-4.818398 -3.532218 0.004215)
(-5.522085 -3.720886 0.009283)
(-8.655073 -4.399683 0.010131)
(-7.806265 -4.453593 0.007556)
(-4.679089 -3.402132 -0.000029)
(-5.722635 -3.797162 -0.000087)
(-8.612128 -4.396382 -0.000975)
(-7.842947 -4.445776 -0.002701)
(-4.308115 -3.259059 -0.002924)
(-5.692564 -3.756325 -0.013610)
(-8.453253 -4.305981 -0.026288)
(-7.716350 -4.338638 -0.033010)
(-4.512093 -3.314653 0.000457)
(-5.586584 -3.760999 -0.001800)
(-8.600151 -4.347770 -0.006643)
(-7.767034 -4.352214 -0.010496)
(-4.854139 -3.623689 0.002349)
(-5.618374 -3.856386 0.009034)
(-8.796436 -4.398658 0.014238)
(-7.779937 -4.373772 0.014835)
(-5.085771 -3.660300 0.000524)
(-5.742742 -3.930927 0.003537)
(-8.921671 -4.422396 0.006038)
(-7.795795 -4.396839 0.007533)
(-5.198903 -3.781931 0.000557)
(-5.782688 -3.931416 0.001412)
(-8.957857 -4.435414 0.001348)
(-7.823765 -4.413059 0.000171)
(-5.213992 -3.757549 0.000481)
(-5.743106 -3.886719 0.001432)
(-8.941389 -4.415932 0.002613)
(-7.853653 -4.420197 0.000163)
(-5.140436 -3.664888 0.002875)
(-5.695732 -3.779111 0.004624)
(-8.875455 -4.374957 0.003849)
(-7.887375 -4.416750 0.000322)
(-5.013913 -3.515176 0.001699)
(-5.733667 -3.724846 0.004455)
(-8.779299 -4.334987 0.003110)
(-7.920897 -4.409723 -0.001214)
(-4.341170 -3.252466 0.001719)
(-5.589163 -3.659214 -0.001362)
(-8.398221 -4.160325 -0.008513)
(-7.719064 -4.273018 -0.013853)
(-4.429576 -3.253091 0.007156)
(-5.518288 -3.648394 0.016902)
(-8.549606 -4.216059 0.020419)
(-7.747282 -4.284122 0.019339)
(-4.702892 -3.450444 0.002770)
(-5.565153 -3.723991 0.009176)
(-8.774298 -4.310376 0.014998)
(-7.759553 -4.315733 0.017655)
(-4.984353 -3.519218 -0.000169)
(-5.713074 -3.826039 0.001448)
(-8.927561 -4.366742 0.002113)
(-7.790461 -4.347903 0.002256)
(-5.141806 -3.627422 -0.001253)
(-5.888705 -3.913639 -0.003001)
(-8.993558 -4.400977 -0.002179)
(-7.836973 -4.365886 -0.001165)
(-5.200220 -3.687122 0.000849)
(-5.984702 -3.952051 -0.001067)
(-9.033014 -4.401700 -0.000410)
(-7.888244 -4.374122 0.000833)
(-5.224250 -3.675925 0.001455)
(-5.946255 -3.887025 0.001405)
(-9.060211 -4.371508 0.001902)
(-7.937801 -4.371111 0.003328)
(-5.285608 -3.606914 0.002001)
(-5.844526 -3.796594 0.006757)
(-9.063692 -4.324155 0.007841)
(-7.977733 -4.362285 0.007596)
(-4.381293 -3.371866 0.005516)
(-5.694656 -3.699340 0.013393)
(-8.410076 -4.075258 0.015685)
(-7.698442 -4.237256 0.015138)
(-4.445421 -3.374769 0.003147)
(-5.603281 -3.647662 0.011445)
(-8.535272 -4.121590 0.018249)
(-7.707325 -4.251774 0.022518)
(-4.564004 -3.354029 0.001142)
(-5.554429 -3.650365 0.004714)
(-8.720993 -4.200919 0.007736)
(-7.731124 -4.282696 0.010059)
(-4.774569 -3.380640 0.003789)
(-5.602937 -3.659184 0.008834)
(-8.882610 -4.269268 0.010479)
(-7.770190 -4.311386 0.011024)
(-5.018156 -3.441526 0.002659)
(-5.794352 -3.746287 0.005151)
(-8.989565 -4.323348 0.006371)
(-7.815025 -4.334833 0.006883)
(-5.172654 -3.536408 0.000161)
(-6.025386 -3.851658 -0.001191)
(-9.063944 -4.354512 -0.000565)
(-7.866190 -4.348733 0.001567)
(-5.215008 -3.593721 -0.002719)
(-6.160845 -3.895380 -0.006983)
(-9.138689 -4.361658 -0.005107)
(-7.920891 -4.350312 0.000869)
(-5.227520 -3.588684 -0.000282)
(-6.161658 -3.881560 -0.001278)
(-9.191628 -4.337068 -0.000176)
(-7.975355 -4.342899 0.005214)
(-4.586270 -3.498339 -0.002507)
(-5.859923 -3.838860 -0.000050)
(-8.541734 -4.078997 0.004000)
(-7.652651 -4.245643 0.008231)
(-4.463203 -3.492288 -0.004051)
(-5.790130 -3.748693 -0.004609)
(-8.533317 -4.079735 -0.004162)
(-7.671996 -4.255118 -0.002534)
(-4.437734 -3.352363 0.003630)
(-5.708634 -3.691060 0.008072)
(-8.579235 -4.097092 0.009223)
(-7.708731 -4.264376 0.010517)
(-4.687826 -3.366258 0.009513)
(-5.563257 -3.567525 0.020105)
(-8.722938 -4.144445 0.021006)
(-7.750396 -4.282747 0.019647)
(-4.970479 -3.348430 0.005014)
(-5.547539 -3.553014 0.010151)
(-8.866453 -4.199680 0.010350)
(-7.795448 -4.303445 0.008779)
(-5.147630 -3.401758 0.002287)
(-5.717184 -3.614051 0.002375)
(-8.977633 -4.247952 -0.000885)
(-7.847617 -4.318553 -0.003586)
(-5.273155 -3.463551 -0.000622)
(-5.923155 -3.720553 -0.003743)
(-9.094234 -4.295980 -0.006404)
(-7.909371 -4.325936 -0.005709)
(-5.348867 -3.506176 -0.001073)
(-6.112068 -3.798965 -0.002988)
(-9.212635 -4.319941 -0.001520)
(-7.970983 -4.331367 0.002866)

)

// ************************************************************************* //
